eval_loss = 0.3973582684993744
eval_acc = 0.8504403941745879
eval_f1 = 0.8491579256385514
eval_runtime = 148.1138
eval_samples_per_second = 232.261
eval_steps_per_second = 1.168
