eval_loss = 2.208606004714966
eval_acc = 0.7065682083171395
eval_f1 = 0.682896352013999
eval_runtime = 5.7976
eval_samples_per_second = 887.604
eval_steps_per_second = 4.485
