eval_loss = 1.2078139781951904
eval_acc = 0.8295454545454546
eval_f1 = 0.8202614379084967
eval_runtime = 0.6925
eval_samples_per_second = 508.317
eval_steps_per_second = 2.888
