eval_loss = 1.2177003622055054
eval_acc = 0.8216970998925887
eval_f1 = 0.8124241423841381
eval_runtime = 1.7974
eval_samples_per_second = 517.977
eval_steps_per_second = 2.782
