eval_loss = 2.0205488204956055
eval_acc = 0.7642369020501139
eval_f1 = 0.7517385513779326
eval_runtime = 1.0883
eval_samples_per_second = 806.749
eval_steps_per_second = 4.594
