eval_loss = 2.208526611328125
eval_acc = 0.7065682083171395
eval_f1 = 0.682896352013999
eval_runtime = 8.1686
eval_samples_per_second = 629.975
eval_steps_per_second = 7.957
