eval_loss = 0.10137924551963806
eval_acc = 0.9765487792279348
eval_f1 = 0.972079682145506
eval_runtime = 78.0657
eval_samples_per_second = 371.982
eval_steps_per_second = 4.65
