eval_loss = 1.3532546758651733
eval_acc = 0.8011363636363636
eval_f1 = 0.7914127048625221
eval_runtime = 1.7509
eval_samples_per_second = 201.043
eval_steps_per_second = 2.856
