eval_loss = 0.9642449021339417
eval_acc = 0.8666026871401151
eval_f1 = 0.8052045689600679
eval_runtime = 4.8526
eval_samples_per_second = 214.731
eval_steps_per_second = 2.885
