eval_loss = 1.7540817260742188
eval_acc = 0.7687927107061503
eval_f1 = 0.7567963278065768
eval_runtime = 4.1759
eval_samples_per_second = 210.256
eval_steps_per_second = 2.634
