eval_loss = 1.2236248254776
eval_acc = 0.8216970998925887
eval_f1 = 0.8133394206427424
eval_runtime = 4.5655
eval_samples_per_second = 203.922
eval_steps_per_second = 2.628
