eval_loss = 2.143545389175415
eval_acc = 0.7034589972794404
eval_f1 = 0.6820269496550511
eval_runtime = 26.6435
eval_samples_per_second = 193.143
eval_steps_per_second = 2.44
