eval_loss = 0.5469200611114502
eval_acc = 0.7279730240399989
eval_f1 = 0.6652708747111817
eval_runtime = 100.7882
eval_samples_per_second = 341.32
eval_steps_per_second = 4.276
