eval_loss = 0.4050919711589813
eval_acc = 0.8323863636363636
eval_f1 = 0.8248534682690281
eval_runtime = 0.7219
eval_samples_per_second = 487.625
eval_steps_per_second = 2.771
