eval_loss = 0.4390556514263153
eval_acc = 0.8152524167561761
eval_f1 = 0.8067756197389759
eval_runtime = 2.3017
eval_samples_per_second = 404.491
eval_steps_per_second = 5.214
