eval_loss = 0.6904495358467102
eval_acc = 0.7155071900505247
eval_f1 = 0.6914830203421731
eval_runtime = 8.1673
eval_samples_per_second = 630.075
eval_steps_per_second = 7.959
