eval_loss = 0.3455544412136078
eval_acc = 0.8588105651021041
eval_f1 = 0.8375235267659267
eval_runtime = 65.7935
eval_samples_per_second = 441.366
eval_steps_per_second = 2.219
