eval_loss = 0.3455483913421631
eval_acc = 0.8588105651021041
eval_f1 = 0.8375235267659267
eval_runtime = 79.3648
eval_samples_per_second = 365.893
eval_steps_per_second = 4.574
