eval_loss = 0.41736626625061035
eval_acc = 0.8302900107411385
eval_f1 = 0.8278427976218341
eval_runtime = 6.1047
eval_samples_per_second = 152.506
eval_steps_per_second = 10.975
