eval_loss = 0.4825691282749176
eval_acc = 0.7581573896353166
eval_f1 = 0.70271176001739
eval_runtime = 7.0525
eval_samples_per_second = 147.75
eval_steps_per_second = 14.888
