eval_loss = 0.4202099144458771
eval_acc = 0.8270676691729323
eval_f1 = 0.8232969649814621
eval_runtime = 6.2613
eval_samples_per_second = 148.692
eval_steps_per_second = 15.013
