eval_loss = 0.5342140197753906
eval_acc = 0.7889886921891806
eval_f1 = 0.7828150189123297
eval_runtime = 219.7935
eval_samples_per_second = 156.515
eval_steps_per_second = 11.183
