eval_loss = 0.7240721583366394
eval_acc = 0.6721725612125923
eval_f1 = 0.6692831663901899
eval_runtime = 33.8235
eval_samples_per_second = 152.143
eval_steps_per_second = 10.88
