eval_loss = 0.5514267683029175
eval_acc = 0.6999215139094793
eval_f1 = 0.6742458151726253
eval_runtime = 83.0919
eval_samples_per_second = 414.011
eval_steps_per_second = 2.082
