eval_loss = 0.5514267683029175
eval_acc = 0.6999215139094793
eval_f1 = 0.6742458151726253
eval_runtime = 100.9019
eval_samples_per_second = 340.935
eval_steps_per_second = 4.271
