eval_loss = 0.5864193439483643
eval_acc = 0.6697038724373576
eval_f1 = 0.6531157189177407
eval_runtime = 2.0433
eval_samples_per_second = 429.692
eval_steps_per_second = 2.447
