eval_loss = 0.5538707375526428
eval_acc = 0.8181818181818182
eval_f1 = 0.8063321272138639
eval_runtime = 6.7105
eval_samples_per_second = 140.973
eval_steps_per_second = 35.318
