eval_loss = 0.48533928394317627
eval_acc = 0.8267045454545454
eval_f1 = 0.8209696919164549
eval_runtime = 2.5492
eval_samples_per_second = 138.085
eval_steps_per_second = 34.521
