eval_loss = 0.5989798307418823
eval_acc = 0.8214971209213052
eval_f1 = 0.774921959195808
eval_runtime = 7.0286
eval_samples_per_second = 148.252
eval_steps_per_second = 37.134
