eval_loss = 0.5899661779403687
eval_acc = 0.8096590909090909
eval_f1 = 0.8020529951402937
eval_runtime = 2.4904
eval_samples_per_second = 141.342
eval_steps_per_second = 35.336
