eval_loss = 0.4248073995113373
eval_acc = 0.8632671480144405
eval_f1 = 0.8431858325235116
eval_runtime = 14.7458
eval_samples_per_second = 150.28
eval_steps_per_second = 37.57
