eval_loss = 0.41639143228530884
eval_acc = 0.8781190019193857
eval_f1 = 0.8173602571481016
eval_runtime = 7.0196
eval_samples_per_second = 148.442
eval_steps_per_second = 37.182
