eval_loss = 0.4530220031738281
eval_acc = 0.8267045454545454
eval_f1 = 0.8220380423521612
eval_runtime = 2.3877
eval_samples_per_second = 147.424
eval_steps_per_second = 15.077
