eval_loss = 0.4929214417934418
eval_acc = 0.7869481765834933
eval_f1 = 0.731947437947577
eval_runtime = 6.8008
eval_samples_per_second = 153.217
eval_steps_per_second = 11.028
