eval_loss = 0.4719810485839844
eval_acc = 0.80343716433942
eval_f1 = 0.8017454748564348
eval_runtime = 6.0569
eval_samples_per_second = 153.709
eval_steps_per_second = 11.062
