eval_loss = 0.7478106021881104
eval_acc = 0.6941313641663428
eval_f1 = 0.6909266852725673
eval_runtime = 33.5949
eval_samples_per_second = 153.178
eval_steps_per_second = 10.954
