eval_loss = 0.5026137828826904
eval_acc = 0.78125
eval_f1 = 0.7772792637331033
eval_runtime = 2.3044
eval_samples_per_second = 152.754
eval_steps_per_second = 11.283
