eval_loss = 0.7391519546508789
eval_acc = 0.6605922551252847
eval_f1 = 0.6404112036502572
eval_runtime = 2.0728
eval_samples_per_second = 423.583
eval_steps_per_second = 2.412
