eval_loss = 0.46958523988723755
eval_acc = 0.8184747583243824
eval_f1 = 0.8130915173135567
eval_runtime = 1.8935
eval_samples_per_second = 491.679
eval_steps_per_second = 2.641
