eval_loss = 0.8154732584953308
eval_acc = 0.7114263505635445
eval_f1 = 0.6922359245481621
eval_runtime = 5.8472
eval_samples_per_second = 880.086
eval_steps_per_second = 4.447
