eval_loss = 0.18829083442687988
eval_acc = 0.9581407517223337
eval_f1 = 0.95169668911257
eval_runtime = 119.2879
eval_samples_per_second = 288.386
eval_steps_per_second = 7.218
