eval_loss = 2.567901611328125
eval_acc = 0.7982954545454546
eval_f1 = 0.7902352635068783
eval_runtime = 0.7258
eval_samples_per_second = 484.978
eval_steps_per_second = 2.756
