eval_loss = 0.0037590216379612684
eval_acc = 0.999331414784454
eval_f1 = 0.9992333410479861
eval_runtime = 92.4291
eval_samples_per_second = 372.188
eval_steps_per_second = 4.663
