eval_loss = 2.567901611328125
eval_acc = 0.7982954545454546
eval_f1 = 0.7902352635068783
eval_runtime = 0.7303
eval_samples_per_second = 482.004
eval_steps_per_second = 2.739
