eval_loss = 0.3419354259967804
eval_acc = 0.8680528565876409
eval_f1 = 0.8558543833623888
eval_runtime = 35.0239
eval_samples_per_second = 146.928
eval_steps_per_second = 36.746
epoch = 10.0
