eval_loss = 0.48184075951576233
eval_acc = 0.6967370441458733
eval_f1 = 0.6535218974261843
eval_runtime = 6.949
eval_samples_per_second = 149.95
eval_steps_per_second = 15.11
epoch = 3.0
