eval_loss = 0.473233163356781
eval_acc = 0.7543186180422264
eval_f1 = 0.701592983712189
eval_runtime = 7.014
eval_samples_per_second = 148.56
eval_steps_per_second = 10.693
