eval_loss = 0.4664371609687805
eval_acc = 0.78125
eval_f1 = 0.7757757757757758
eval_runtime = 2.391
eval_samples_per_second = 147.217
eval_steps_per_second = 10.874
