eval_loss = 0.4082665741443634
eval_acc = 0.8388829215896885
eval_f1 = 0.8346476271668087
eval_runtime = 6.305
eval_samples_per_second = 147.66
eval_steps_per_second = 10.626
