eval_loss = 0.5377950072288513
eval_acc = 0.8446266096915788
eval_f1 = 0.8360687594338152
eval_runtime = 222.7532
eval_samples_per_second = 154.435
eval_steps_per_second = 11.035
