eval_loss = 0.7084234952926636
eval_acc = 0.7122036533229693
eval_f1 = 0.7029344921961712
eval_runtime = 35.1348
eval_samples_per_second = 146.465
eval_steps_per_second = 10.474
