eval_loss = 0.41804441809654236
eval_acc = 0.8429696811139211
eval_f1 = 0.8233177733779176
eval_runtime = 172.7327
eval_samples_per_second = 199.157
eval_steps_per_second = 2.495
