eval_loss = 0.5271195769309998
eval_acc = 0.7755681818181818
eval_f1 = 0.7676451173555929
eval_runtime = 1.4945
eval_samples_per_second = 235.538
eval_steps_per_second = 1.338
