eval_loss = 0.47299301624298096
eval_acc = 0.8174006444683136
eval_f1 = 0.812467415517323
eval_runtime = 3.9693
eval_samples_per_second = 234.548
eval_steps_per_second = 1.26
