eval_loss = 0.5615193843841553
eval_acc = 0.7722095671981777
eval_f1 = 0.7605175875010911
eval_runtime = 3.604
eval_samples_per_second = 243.617
eval_steps_per_second = 1.387
