eval_loss = 0.6385533213615417
eval_acc = 0.723668869024485
eval_f1 = 0.6993341282487235
eval_runtime = 23.0805
eval_samples_per_second = 222.958
eval_steps_per_second = 1.126
