eval_loss = 0.41804441809654236
eval_acc = 0.8429696811139211
eval_f1 = 0.8233177733779176
eval_runtime = 146.6314
eval_samples_per_second = 234.609
eval_steps_per_second = 1.18
