eval_loss = 0.5914379358291626
eval_acc = 0.6978235522736106
eval_f1 = 0.6614380148512311
eval_runtime = 14.6401
eval_samples_per_second = 351.499
eval_steps_per_second = 4.44
