eval_loss = 0.5254285931587219
eval_acc = 0.7396948930748304
eval_f1 = 0.6553428250038922
eval_runtime = 72.6727
eval_samples_per_second = 399.586
eval_steps_per_second = 2.009
