eval_loss = 0.5818817615509033
eval_acc = 0.71875
eval_f1 = 0.6766597077244259
eval_runtime = 1.0237
eval_samples_per_second = 343.862
eval_steps_per_second = 4.884
