eval_loss = 0.5254315733909607
eval_acc = 0.7396948930748304
eval_f1 = 0.6553428250038922
eval_runtime = 85.3659
eval_samples_per_second = 340.171
eval_steps_per_second = 4.252
