eval_loss = 0.6774270534515381
eval_acc = 0.6337271750805585
eval_f1 = 0.5742398985056132
eval_runtime = 2.6668
eval_samples_per_second = 349.107
eval_steps_per_second = 4.5
