eval_loss = 0.3561951518058777
eval_acc = 0.8566611435714078
eval_f1 = 0.8544500783435205
eval_runtime = 92.8965
eval_samples_per_second = 370.315
eval_steps_per_second = 4.64
