eval_loss = 0.7255836129188538
eval_acc = 0.6719782355227361
eval_f1 = 0.6620040731739395
eval_runtime = 12.2326
eval_samples_per_second = 420.679
eval_steps_per_second = 2.125
