eval_loss = 0.507746160030365
eval_acc = 0.7679137234382721
eval_f1 = 0.7659349649428409
eval_runtime = 84.2141
eval_samples_per_second = 408.494
eval_steps_per_second = 2.054
