eval_loss = 0.7255836129188538
eval_acc = 0.6719782355227361
eval_f1 = 0.6620040731739395
eval_runtime = 12.3584
eval_samples_per_second = 416.397
eval_steps_per_second = 2.104
