eval_loss = 0.08051043003797531
eval_acc = 0.9775006540507544
eval_f1 = 0.9736084652656956
eval_runtime = 92.706
eval_samples_per_second = 371.076
eval_steps_per_second = 4.649
