eval_loss = 0.397358238697052
eval_acc = 0.8504403941745879
eval_f1 = 0.8491579256385514
eval_runtime = 173.0581
eval_samples_per_second = 198.783
eval_steps_per_second = 2.49
