eval_loss = 0.3704690635204315
eval_acc = 0.8474809738627364
eval_f1 = 0.8260054949309644
eval_runtime = 193.2239
eval_samples_per_second = 150.287
eval_steps_per_second = 15.029
epoch = 3.0
